####################
# Character 0
####################
0011111111100
0111111111110
1111000001111
1110000000111
1110000000111
1110000000111
1110000000111
1110000000111
1100000000011
1100000000011
1100000000011
1100000000011
1100000000011
1100000000011
1100000000011
1100000000011
1100000000011
1100000000011
1100000000011
1100000000011
1110000000111
1110000000111
1110000000111
1110000000111
1110000000111
1111000001111
0111111111110
0011111111100

####################
# Character 1
####################
0000001000000
0000111100000
0001111100000
0011111100000
0000011100000
0000011100000
0000011100000
0000011100000
0000011100000
0000011100000
0000011100000
0000011100000
0000011100000
0000011100000
0000011100000
0000011100000
0000011100000
0000011100000
0000011100000
0000011100000
0000011100000
0000011100000
0000011100000
0000011100000
0000011100000
0000011100000
0000011100000
0000011100000

####################
# Character 2
####################
0111111111100
1111111111110
0000000001111
0000000001111
0000000000111
0000000000111
0000000000111
0000000000111
0000000000111
0000000000111
0000000001111
0000000001111
0111111111111
1111111111100
1111111111100
1111111111000
1110000000000
1110000000000
1100000000000
1100000000000
1100000000000
1100000000000
1100000000000
1100000000000
1110000000000
1110000000000
0111111111111
0001111111111

####################
# Character 3
####################
0111111111100
1111111111110
0000000001111
0000000001111
0000000000111
0000000000111
0000000000111
0000000000111
0000000000111
0000000000111
0000000001111
0000000001111
0111111111111
1111111111111
1111111111111
0111111111111
0000000001111
0000000001111
0000000000111
0000000000111
0000000000111
0000000000111
0000000000111
0000000000111
0000000001111
0000000001111
1111111111110
0111111111100

####################
# Character 4
####################
1110000001111
1110000001111
1110000001111
1110000001111
1110000001111
1110000001111
1110000001111
1110000001111
1110000001111
1110000001111
1110000001111
1110000001111
1111111111111
1111111111111
1111111111111
1111111111111
0000000001111
0000000001111
0000000001111
0000000001111
0000000001111
0000000001111
0000000001111
0000000001111
0000000001111
0000000001111
0000000001111
0000000001111

####################
# Character 5
####################
0111111111110
1111111111111
1111000000000
1111000000000
1110000000000
1110000000000
1110000000000
1110000000000
1110000000000
1110000000000
1111000000000
1111000000000
1111111111111
1111111111111
1111111111111
0111111111111
0000000001111
0000000001111
0000000000111
0000000000111
0000000000111
0000000000111
0000000000111
0000000000111
0000000001111
0000000001111
1111111111110
0111111111100

####################
# Character 6
####################
0011111111100
0111111111110
1111000000000
1111000000000
1110000000000
1110000000000
1110000000000
1110000000000
1110000000000
1110000000000
1111000000000
1111000000000
1111111111111
1111111111111
1111111111111
1111111111111
1111000001111
1111000001111
1110000000111
1110000000111
1110000000111
1110000000111
1110000000111
1110000000111
1111000001111
1111000001111
0111111111110
0011111111100

####################
# Character 7
####################
1111111111111
1111111111111
1111111111111
0000000000111
0000000000111
0000000000111
0000000000111
0000000000111
0000000000111
0000000000111
0000000000111
0000000000111
0000000000111
0000000000111
0000000000111
0000000000111
0000000000111
0000000000111
0000000000111
0000000000111
0000000000111
0000000000111
0000000000111
0000000000111
0000000000111
0000000000111
0000000000111
0000000000111

####################
# Character 8
####################
0011111111100
0111111111110
1110000000111
1110000000111
1100000000011
1100000000011
1100000000011
1100000000011
1100000000011
1100000000011
1110000000111
1110000000111
1111111111111
1111111111111
1111111111111
1111111111111
1110000000111
1110000000111
1100000000011
1100000000011
1100000000011
1100000000011
1100000000011
1100000000011
1110000000111
1110000000111
0111111111110
0011111111100

####################
# Character 9
####################
0011111111100
0111111111110
1110000000111
1110000000111
1100000000011
1100000000011
1100000000011
1100000000011
1100000000011
1100000000011
1110000000111
1110000000111
1111111111111
1111111111111
1111111111111
1111111111111
0000000000111
0000000000111
0000000000011
0000000000011
0000000000011
0000000000011
0000000000011
0000000000011
0000000000111
0000000000111
1111111111110
0011111111100

####################
# Character :(colon)
####################
0000000000000
0000000000000
0000000000000
0000000000000
0000000000000
0000011100000
0000111110000
0001111111000
0000111110000
0000011100000
0000000000000
0000000000000
0000000000000
0000000000000
0000000000000
0000000000000
0000000000000
0000000000000
0000011100000
0000111110000
0001111111000
0000111110000
0000011100000
0000000000000
0000000000000
0000000000000
0000000000000
0000000000000
